# output by dbd2asc for m_till_wpt
1406221416.56702 0 
1406221444.0452 NaN 
1406221448.99835 NaN 
1406221453.9433 NaN 
1406221462.78418 NaN 
1406221467.7373 NaN 
1406221472.7084 NaN 
1406221477.66046 NaN 
1406221482.61267 NaN 
1406221487.82343 93665.8 
1406221492.99747 51991 
1406221497.87772 37061.5 
1406221502.74731 inf 
1406221507.86731 91327.3 
1406221513.19812 209718 
1406221518.0636 52789.6 
1406221522.92633 inf 
1406221527.80518 inf 
1406221532.69302 115338 
1406221537.30292 367537 
1406221541.79474 194995 
1406221546.28998 65410.9 
1406221550.77869 47719.9 
1406221555.27179 61500.2
